Opacity=1.00000
Shininess=0.29000
Strength=2.59000
DiffuseColor={0.00000:0.00000:0.00000}
AmbientColor={0.00000:0.00000:0.00000}
SpecularColor={0.90000:0.90000:0.90000}
EmissionColor={0.00000:0.00000:0.00000}
TwoSided=false
Wireframe=false
TransparencyType="Filter"
