Opacity=1.00000
Shininess=0.94000
Strength=1.06000
DiffuseColor={0.58824:0.58824:0.58824}
AmbientColor={0.58824:0.58824:0.58824}
SpecularColor={0.90000:0.90000:0.90000}
EmissionColor={0.00000:0.00000:0.00000}
TwoSided=false
Wireframe=false
TransparencyType="Filter"
DiffuseMap={"hero_256x256.jpg":0.00000:0.00000:0.00000:0:false:0.00000:0.00000:0.00000:0.00000:0.00000:0.00000:0:0:false:"None"}
