Opacity=1.00000
Shininess=0.10000
Strength=0.00000
DiffuseColor={0.00000:0.00000:1.00000}
AmbientColor={0.00000:0.00000:1.00000}
SpecularColor={0.90000:0.90000:0.90000}
EmissionColor={0.00000:0.00000:0.00000}
DiffuseMap={"CAUSTIC.jpg":-0.30000:0.00000:0.00000:0:false:1.00000:1.00000:1.00000:1.00000:1.00000:1.00000:0:10:false:"None"}
