Opacity=1.00000
Shininess=0.00000
Strength=0.00000
DiffuseColor={0.30980:0.52941:0.73725}
AmbientColor={0.30980:0.52941:0.73725}
SpecularColor={0.90000:0.90000:0.90000}
EmissionColor={0.00000:0.00000:0.00000}
