Opacity=1.00000
Shininess=0.15000
Strength=0.05000
DiffuseColor={1.00000:1.00000:1.00000}
AmbientColor={1.00000:1.00000:1.00000}
SpecularColor={0.41569:0.41569:0.41569}
EmissionColor={0.00000:0.00000:0.00000}
ReflectionMap={"perlin.jpg":0.00000:0.00000:0.00000:0:false:1.00000:1.00000:1.00000:1.00000:1.00000:1.00000:0:10:"None"}
