Opacity=1.00000
Shininess=0.13000
Strength=0.18000
DiffuseColor={0.32157:0.30196:0.28627}
AmbientColor={0.32157:0.30196:0.28627}
SpecularColor={0.89804:0.89804:0.89804}
EmissionColor={0.00000:0.00000:0.00000}
