Opacity=1.00000
Shininess=0.10000
Strength=0.00000
DiffuseColor={0.58800:0.58800:0.58800}
AmbientColor={0.58800:0.58800:0.58800}
SpecularColor={0.90000:0.90000:0.90000}
EmissionColor={0.00000:0.00000:0.00000}
DiffuseMap={"car_ural_mods_burn.tga":0.00000:0.00000:0.00000:0:false:0.00000:0.00000:0.00000:0.00000:0.00000:0.00000:0:0:false:"None"}
