Opacity=0.63000
Shininess=0.01000
Strength=0.00000
DiffuseColor={1.00000:1.00000:1.00000}
AmbientColor={1.00000:1.00000:1.00000}
SpecularColor={0.90000:0.90000:0.90000}
EmissionColor={0.00000:0.00000:0.00000}
TwoSided=false
Wireframe=false
TransparencyType="Filter"
