Opacity=0.00000
Shininess=0.10000
Strength=0.00000
DiffuseColor={0.58800:0.58800:0.58800}
AmbientColor={0.58800:0.58800:0.58800}
SpecularColor={0.90000:0.90000:0.90000}
EmissionColor={0.00000:0.00000:0.00000}
DiffuseMap={"C:\diman\Game design\Textures\com_barrel.tga":"Explicit":false:0.00000: