Ligan ligan\Ligan.if  1.000000 0.000000 0.000000 0.000000 1.000000 0.000000 0.000000 0.000000 1.000000 0.000000 0.000000 0.000000
;he Bone01  0.030290 0.000001 0.999541 -0.000018 1.000000 0.000000 -0.999541 -0.000018 0.030290 0.000000 0.000001 -6.167702
;he Bone02  ligan\Bone02-path.if
;he Bone03  ligan\Bone03-path.if
;he Bone16  0.409146 -0.018674 0.000000 0.018674 0.409146 0.000000 0.000000 -0.000000 0.409572 33.057373 -0.000003 -0.000002
;he Bone04  ligan\Bone04-path.if
;he Bone05  ligan\Bone05-path.if
;he Bone17  0.463369 0.057554 -0.000000 -0.057554 0.463369 -0.000000 0.000000 -0.000000 0.466930 32.396614 -0.000000 -0.000001
;he Bone06  0.999372 0.035452 -0.000000 -0.035452 0.999372 0.000000 0.000000 -0.000000 1.000000 7.898620 -0.000003 0.000000
;he Bone07  0.999986 -0.005166 0.000000 0.005166 0.999986 0.000000 -0.000000 -0.000000 1.000000 28.090281 0.000001 -0.000000
;he Bone08  0.999931 -0.011764 -0.000000 0.011764 0.999931 0.000000 -0.000000 0.000000 1.000000 9.091051 0.000002 0.000000
;he Bone15  0.415709 -0.019548 -0.000000 0.019548 0.415709 0.000000 -0.000000 -0.000000 0.416168 20.335941 -0.000002 0.000000
;he Bone09  -0.327110 0.944987 -0.000000 -0.944987 -0.327110 -0.000000 -0.000000 0.000000 1.000000 9.091051 -0.000000 -0.000000
;he Bone10  ligan\Bone10-path.if
;he Bone14  0.403177 0.001892 -0.000000 -0.001892 0.403177 0.000000 0.000000 -0.000000 0.403181 50.957485 0.000005 0.000001
Cylinder02 ligan\Cylinder02.if  -1.818159 1.687027 -0.000000 1.622082 1.748166 -0.681563 -0.463584 -0.499619 -2.384792 3.129287 -0.110382 -4.022335
;he Bone11  -0.310738 -0.950496 -0.000000 0.950496 -0.310738 0.000000 -0.000000 0.000000 1.000000 9.091047 -0.000000 0.000000
;he Bone12  ligan\Bone12-path.if
;he Bone13  0.404756 -0.001892 0.000000 0.001892 0.404756 -0.000000 -0.000000 -0.000000 0.404760 51.196728 0.000000 0.000002
Cylinder01 ligan\Cylinder01.if  1.537916 1.933567 -0.000000 1.622541 -1.290533 1.343782 1.051684 -0.836486 -2.073190 9.718630 3.649726 -9.280488
;he MeatParticles  1.000000 0.000000 0.000000 0.000000 1.000000 0.000000 0.000000 0.000000 1.000000 -0.161713 2.365080 40.603867
;pa Bone02 Bone01
;pa Bone03 Bone02
;pa Bone16 Bone03
;pa Bone04 Bone01
;pa Bone05 Bone04
;pa Bone17 Bone05
;pa Bone06 Bone01
;pa Bone07 Bone06
;pa Bone08 Bone07
;pa Bone15 Bone08
;pa Bone09 Bone07
;pa Bone10 Bone09
;pa Bone14 Bone10
;pa Cylinder02 Bone14
;pa Bone11 Bone07
;pa Bone12 Bone11
;pa Bone13 Bone12
;pa Cylinder01 Bone13
end
